Score matrix
#####################
#    A    C    G    T
#   91 -114  -31 -123
# -114  100 -125  -31
#  -31 -125  100 -114
# -123  -31 -114   91
# O = 400, E = 30,

pw file                |  score     | matches | substitutions | indels (gaps) |
-----------------------|------------|---------|---------------|---------------|
sars2.alpha.sing.maf   |  2811044   |   29808 |            31 |            10 |
sars2.beta.sing.maf    |  2842956   |   29819 |            26 |            18 |
sars2.delta.sing.maf   |  2839244   |   29761 |            33 |             0 |
sars2.gamma.sing.maf   |  2836621   |   29767 |            35 |            13 |
sars2.omicron.sing.maf |  2837255   |   29828 |            39 |            36 |
sars2.sars.sing.maf    |  1589514   |   23749 |          5860 |           369 |
-----------------------|------------|---------|---------------|---------------|

distance matrix based on score
             alpha       beta      delta      gamma    omicron       sars
alpha          0.0    31912.0    28200.0    25577.0    26211.0  1221530.0
beta       31912.0        0.0     3712.0     6335.0     5701.0  1253442.0
delta      28200.0     3712.0        0.0     2623.0     1989.0  1249730.0
gamma      25577.0     6335.0     2623.0        0.0      634.0  1247107.0
omicron    26211.0     5701.0     1989.0      634.0        0.0  1247741.0
sars     1221530.0  1253442.0  1249730.0  1247107.0  1247741.0        0.0

distance matrix based on matches to sars 2
          alpha    beta   delta   gamma  omicron    sars
alpha       0.0    11.0    47.0    41.0     20.0  6059.0
beta       11.0     0.0    58.0    52.0      9.0  6070.0
delta      47.0    58.0     0.0     6.0     67.0  6012.0
gamma      41.0    52.0     6.0     0.0     61.0  6018.0
omicron    20.0     9.0    67.0    61.0      0.0  6079.0
sars     6059.0  6070.0  6012.0  6018.0   6079.0     0.0

distance matrix using substitution rate
            alpha      beta     delta     gamma   omicron      sars
alpha    0.000000  0.000168  0.000069  0.000136  0.000267  0.196874
beta     0.000168  0.000000  0.000236  0.000303  0.000435  0.197042
delta    0.000069  0.000236  0.000000  0.000067  0.000198  0.196805
gamma    0.000136  0.000303  0.000067  0.000000  0.000131  0.196738
omicron  0.000267  0.000435  0.000198  0.000131  0.000000  0.196607
sars     0.196874  0.197042  0.196805  0.196738  0.196607  0.000000

distance matrix using gap rates
            alpha      beta     delta     gamma   omicron      sars
alpha    0.000000  0.000268  0.000335  0.000101  0.000869  0.011974
beta     0.000268  0.000000  0.000603  0.000167  0.000601  0.011706
delta    0.000335  0.000603  0.000000  0.000436  0.001204  0.012309
gamma    0.000101  0.000167  0.000436  0.000000  0.000768  0.011873
omicron  0.000869  0.000601  0.001204  0.000768  0.000000  0.011105
sars     0.011974  0.011706  0.012309  0.011873  0.011105  0.000000